Esse arquivo foi criado para simular resolução de conflito no git.

1111111 11111111111 111111111
22222222222 222222222222222 22222222222222222
333333 3333333333333 333333333333 3333333333333 3333333333333 33333333333
44444 44444444 4444444 444444444 4444444444
55555555  5555555555555555 55555555555555 5555555555555  5555555555555 555555
66666 666666666666666 66666666666 66666666666 666666666666
777777 777777777 777777777 77777777 7777777777777777
88888888888 8888888888 8888888888 88888888888 888888888888888
99999999 999999999999999999 99999999999999999
00000000000000000000000 0000000000000000000000000 0000000000000000000000000
